%YAML:1.0
---
camera_matrix: !!opencv-matrix
   rows: 3
   cols: 3
   dt: d
   data: [ 3.14303361e+03, 0., 1.07877605e+03,
           0., 3.15745653e+03, 1.96553694e+03,
           0., 0., 1. ]
distortion_coefficients: !!opencv-matrix
   rows: 1
   cols: 5
   dt: d
   data: [ 1.79860456e-01, -2.17964716e-01,
           2.55979495e-03, 6.16711113e-04,
          -1.69388019e+00 ]
fx: 3.14303361e+03
fy: 3.15745653e+03
cx: 1.07877605e+03
cy: 1.96553694e+03
